0 0.1423611111111111 0.25300098615975786 0.11805555555555557 0.23939878260278163
0 0.2708333333333333 0.25517733872887405 0.14583333333333334 0.23939878260278163
0 0.4149305555555556 0.2562655150134322 0.13541666666666669 0.23722243003366544
0 0.1684027777777778 0.5446322304213282 0.16319444444444445 0.3395110007821267
0 0.34895833333333337 0.6012173972183494 0.16319444444444448 0.22198796204985205
0 0.7083333333333333 0.3705240248920325 0.13888888888888895 0.1828136158057605
0 0.7612847222222222 0.20185670078552725 0.17881944444444442 0.1501683272690176
0 0.8958333333333334 0.20403305335464345 0.09375 0.1501683272690176
0 0.5763888888888888 0.19859217193185297 0.18749999999999994 0.17410820552929573
0 0.8654513888888888 0.4184037814125888 0.17881944444444453 0.265515013432176
0 0.8090277777777778 0.8286462406909919 0.29513888888888884 0.22851701975720062
0 0.4982638888888889 0.8253817118373177 0.30208333333333337 0.21328255177338729
0 0.21006944444444442 0.8308225932601081 0.2708333333333333 0.22416431461896824